data/elevation640x480.asc
NCOLS 640
NROWS 480
XLLCORNER -11856052.511874
YLLCORNER 4317423.928
CELLSIZE 95.656128
NODATA_VALUE NaN
[rows 150 to 179 of 480, columns 67 to 133 of 640]
2162.06 2151.52 2159.64 2176.24 2186.98 2196.26 2206.88 2208.49 2218.49 2222.95 2230.16 2234.69 2242.63 2258.67 2271.54 2288.45 2312.25 2335.26 2343.23 2348.33 2352.38 2353.13 2357.64 2372 2390.21 2426.29 2468.62 2482.4 2483.24 2484.82 2487.42 2489.86 2492.13 2495.07 2498.1 2500.74 2503.84 2507.52 2513.24 2516.48 2518.86 2522.29 2515.81 2501.18 2483.55 2469.21 2466.37 2475.27 2471.51 2460.95 2440.92 2433.14 2430.44 2427.91 2417.92 2413.51 2402.59 2381.61 2357.06 2344.15 2336.51 2324.21 2303.63 2284.17 2274.61 2268.1 2272.12
2145.92 2156.67 2176.6 2183.35 2193.43 2201.25 2206.69 2215.43 2219.72 2229.16 2235.79 2242.86 2257.89 2266.5 2287.79 2305.01 2327.67 2349.07 2354.3 2358.68 2357.08 2357.68 2364.14 2384.17 2415.66 2452.91 2477.15 2476.65 2480.14 2482.73 2485.98 2488.97 2491.58 2494.86 2498.19 2501.01 2504.22 2508.2 2513.84 2518.67 2514.54 2495.73 2475.75 2461.65 2448.93 2439.68 2440.85 2447.61 2448.14 2437.44 2432.11 2430.32 2428.62 2419.31 2404.98 2398.72 2381.73 2350.95 2324.42 2314.55 2308.62 2291.4 2274.9 2256.06 2254.96 2256.92 2243.26
2158.89 2171.93 2183.6 2190.62 2196.95 2201.93 2210.28 2225.36 2231.21 2239.2 2244.36 2253.57 2257.6 2275.6 2294.88 2302.14 2324.35 2342.61 2352.5 2367.32 2378.72 2373.34 2384.05 2421.54 2445.5 2467.17 2465.5 2464.24 2473.18 2476.21 2480.77 2485.83 2490.39 2494.73 2497.83 2501.01 2504.27 2508.76 2512.58 2500.5 2477.57 2462.83 2466.05 2461.04 2448.21 2432.51 2428.33 2432.34 2427.81 2427.15 2431.12 2428.64 2420.54 2405.33 2388.86 2375.85 2351.05 2318.21 2300.36 2294.37 2290.48 2269.45 2250.1 2239.13 2233.84 2250.14 2231.52
2171.3 2177.78 2184.78 2189.99 2198.83 2207.93 2216.79 2218.1 2223.16 2232.78 2241.59 2252.56 2265.78 2274.53 2284.57 2301.1 2322.65 2340.28 2354.58 2364.22 2370.24 2389.82 2414.07 2435.19 2440.43 2443.6 2447.81 2457.85 2462.5 2465.94 2475.07 2483.53 2489.22 2492.79 2496.49 2500.4 2505.19 2507.57 2489.12 2461.21 2454.91 2461.37 2460.76 2451.21 2434.25 2436.06 2445.78 2443.69 2433.17 2431.76 2434.03 2420.58 2401.34 2386.72 2370.04 2337.07 2323.71 2301.23 2281.14 2276.26 2269.68 2253.14 2237.44 2225.28 2218.56 2230.27 2227.69
2174.98 2182.16 2186.79 2190.39 2194.08 2197.97 2202.53 2211.28 2222.66 2233.43 2246.27 2257.95 2273.3 2283.5 2296.83 2315.51 2324.48 2338.69 2352.64 2366.66 2365.52 2386.68 2428.62 2439.91 2445.27 2453.8 2452.83 2469.17 2476.95 2478.29 2481.4 2483.18 2486.59 2489.83 2495.25 2499.63 2506.39 2499.51 2458.69 2447.34 2454.29 2451.46 2447.54 2437.46 2432.39 2446.73 2447.44 2437.71 2435.58 2434.03 2425.01 2409.52 2388.56 2372.18 2348.67 2316.89 2307.44 2293.25 2269.57 2258.2 2255.61 2245.5 2222 2213 2211.59 2215.1 2210.96
2175.26 2182.51 2182.62 2175.3 2180.62 2195.24 2213.33 2230.12 2238.15 2244.66 2247.99 2255.36 2272.03 2288.5 2308.46 2331.04 2340.67 2349.22 2356.93 2368.03 2369.47 2386.99 2434.61 2462.54 2466.03 2471.03 2469.94 2469.73 2475.89 2479.87 2483.16 2486.51 2488.88 2493.16 2497.48 2500.84 2503.91 2468.15 2439.56 2446.95 2440.44 2433.88 2427.11 2417.51 2430.42 2440.12 2437.14 2425.85 2420.86 2410.42 2404.68 2395.11 2376.83 2360 2330.15 2300.87 2293.49 2282.29 2264.86 2245.47 2225.71 2222.97 2209.14 2200.49 2209 2205.89 2202.17
2144.6 2167.02 2161.86 2177 2201.99 2195.63 2224.66 2235.7 2247.83 2258.23 2260.52 2258.47 2266.87 2292.96 2324.17 2342.44 2349.7 2356.22 2361.27 2365.75 2367.05 2398.69 2445.13 2471.02 2473.03 2474.65 2476.35 2476.23 2478.73 2481.27 2483.92 2488.41 2492.35 2496.32 2501.09 2501.99 2475.57 2440.73 2427.92 2427.3 2426.22 2412.55 2406.53 2408.66 2419.21 2419.95 2420.11 2416.32 2402.54 2388.45 2383.58 2377.77 2357.18 2336.34 2309.17 2281.81 2275.08 2268.33 2255.16 2237.8 2223.8 2201.84 2195.18 2197.57 2202.99 2199.73 2196.14
2164.64 2162.09 2177.56 2195.77 2207.87 2217.8 2216.05 2233.78 2245.75 2252.93 2257.4 2265.28 2280.53 2312.42 2336.27 2349.06 2353.78 2358.72 2361.9 2364.11 2370.64 2419.47 2461.83 2473.14 2475.11 2477.2 2479.44 2480.22 2481.46 2484.03 2486.7 2489.98 2494.28 2498.6 2501.79 2496.53 2460.61 2424 2412.91 2411.06 2407.41 2404.83 2406.49 2410.79 2414.52 2415.72 2416.73 2409.28 2390.54 2373.43 2368.41 2352.24 2328.65 2298.98 2278.49 2258.53 2255.5 2251.56 2240.5 2231.88 2220.71 2198.12 2187.08 2193.86 2196.91 2194.94 2192.48
2167.14 2176.13 2206.85 2222.45 2223.21 2230.48 2216.54 2236.98 2249.98 2250.64 2256.86 2267.65 2287.74 2322.72 2340.24 2350.1 2359.61 2363.31 2368.01 2364.45 2383.63 2433.81 2467.8 2475.2 2477.49 2479.61 2482.24 2483.25 2484.16 2486.13 2489.06 2493.49 2496.24 2499.67 2502.18 2487.91 2439.8 2417.71 2409.81 2412.54 2407.82 2407.69 2411.82 2417.34 2419.09 2420.34 2414.57 2394.55 2378.47 2366.3 2349.63 2325.57 2298.9 2272.19 2245.84 2238.96 2244.3 2237.94 2231.7 2221.83 2213.85 2194.79 2182.97 2187.2 2190.3 2190.21 2187.73
2182.12 2199.8 2214.02 2229.93 2241.5 2242.75 2238.47 2237.77 2252.75 2257.65 2266.76 2278.68 2293.99 2321.94 2341.41 2356.25 2364.23 2367.88 2372.88 2364.54 2388.35 2439.57 2470.92 2472.73 2472.67 2477.49 2482.27 2483.49 2485.31 2488.03 2491.08 2494.99 2497.21 2500.08 2500.98 2464.3 2409.26 2408.66 2417.67 2415.31 2409.34 2411.65 2411.27 2417.39 2419.02 2407.6 2395.7 2377.56 2360.55 2345.18 2321.89 2296.28 2269.64 2248.4 2235.65 2220.56 2222.93 2224.51 2224.08 2213.3 2202.7 2189.38 2178.48 2182.59 2185.42 2185.4 2185.77
2197.66 2223.31 2237.16 2241.78 2253.21 2262.96 2260.91 2245.73 2249.45 2252.54 2277.63 2303.51 2322.22 2336.12 2343.68 2352.97 2360.64 2359.99 2362.27 2365.71 2393.64 2445.93 2466.33 2455.96 2463.4 2477.5 2479.9 2481.61 2478.99 2487.01 2490.97 2493.86 2496.27 2499.05 2475.82 2429.15 2401.26 2414.94 2418.29 2410.63 2408.28 2405.95 2403.53 2415.33 2397.02 2383.88 2376.15 2360.97 2342.92 2324.22 2302.02 2279.09 2255.6 2236.9 2224.03 2211.97 2197.88 2206.9 2216.3 2208.79 2199.77 2185.58 2176.99 2179.16 2182.93 2180.73 2189.14
2207.18 2224.41 2239.55 2245.24 2255.04 2275.73 2289.38 2276.24 2270.91 2263.24 2280.61 2309.6 2334.03 2337.08 2337.81 2345.07 2348.75 2352.82 2362.28 2388.11 2422.12 2440.92 2439.64 2444.54 2467.35 2472.46 2467.89 2460.06 2464.89 2481.64 2488.61 2492.44 2495.93 2484.12 2431.61 2407.41 2397.45 2409.66 2405.11 2393.87 2395.7 2392.32 2402.71 2392.91 2378.58 2367.49 2358.39 2341.79 2332.33 2298.88 2292.11 2275.19 2250.03 2236.78 2215.08 2196.56 2187.35 2194.62 2204.05 2201.63 2190.44 2179.95 2172.86 2176.26 2177.25 2180.77 2189.79
2228.05 2226.23 2240.9 2253.39 2268.13 2282.04 2294.83 2297.96 2299.15 2300.05 2277.99 2288.49 2316.34 2317.93 2329.3 2338.49 2345.89 2360.92 2376.52 2400.36 2401.95 2403.07 2422.73 2437.28 2444.8 2447.52 2445.03 2458.22 2476.28 2483.93 2488.03 2490.51 2467.12 2426.79 2402.03 2394.47 2385.27 2392.17 2384.46 2373.2 2374.46 2381.81 2392.4 2376.69 2351.29 2356.34 2346.57 2326.82 2310.97 2278.47 2266.16 2263.88 2250.91 2235.39 2214.21 2200.19 2180.76 2174.75 2187.42 2183.92 2176.37 2172.44 2169.03 2172.07 2173.97 2182.19 2184.8
2240.28 2241.86 2246.7 2264.97 2278.64 2299.91 2309.31 2311.48 2305.06 2307.24 2321.7 2303.06 2316.28 2331.29 2328.91 2345.48 2353.03 2350 2363.49 2370.03 2379.59 2384.85 2398.7 2415.84 2429.48 2442.76 2461.94 2476.58 2483.65 2486.16 2488.94 2469.87 2422.69 2405 2396.97 2386.6 2378.25 2377.05 2357.61 2359.55 2358.19 2371.37 2376.34 2346.61 2323.52 2336.83 2329.27 2316.57 2286.53 2260.29 2242.71 2244.58 2242.25 2229.81 2211.41 2197.59 2178.8 2166.59 2171.64 2170.12 2167.31 2165.53 2169.75 2170.33 2177.44 2182.56 2182.14
2253.86 2258.16 2269.8 2275.88 2290.23 2299.71 2298.84 2305.15 2309.48 2313.79 2330.42 2334.25 2347.03 2353.51 2352.72 2376.51 2389.61 2379.36 2374.36 2401.22 2417.07 2415.19 2414.21 2434.12 2448.43 2463.72 2471.42 2478.87 2483.14 2484.86 2477.69 2433.33 2409.11 2409.49 2401.37 2387.43 2377.61 2377.61 2349.48 2344.95 2346.11 2353.35 2347.24 2318.88 2308.3 2310.94 2305.24 2279.69 2268.07 2257.72 2239.91 2224.29 2220.97 2212.89 2202.04 2189.77 2174.05 2159.97 2167.03 2166.7 2161.79 2164.41 2164.73 2172.99 2178.76 2176.78 2166.91
2255.65 2253.11 2267.51 2275.88 2290.01 2299.32 2310.13 2317.28 2317.54 2322.57 2336.62 2349.86 2358.94 2354.57 2355.05 2358.12 2366.97 2377.73 2387.37 2404.8 2428.5 2433.39 2427.24 2430.95 2445.72 2464.16 2475.67 2477.83 2478.81 2471.99 2440.17 2408.38 2398.64 2391.55 2387.68 2383.99 2380.36 2372.53 2354.43 2331.51 2328.14 2325.4 2320.34 2310.01 2301.48 2292.3 2273.93 2256.54 2241.06 2242.64 2239.78 2232.37 2212.6 2196.53 2193.11 2175.41 2162.07 2157.18 2163.09 2162.1 2158.22 2160.18 2167.16 2172.41 2170.35 2157.57 2159.37
2222.52 2252 2273.15 2289.44 2296.26 2314.27 2320.02 2323.14 2326.83 2328.99 2342.21 2349.08 2341.22 2327.69 2339.26 2348.83 2353.13 2361.33 2372.15 2391.94 2418.82 2444.85 2445.69 2439.37 2440.92 2447.43 2453.55 2458.37 2456.04 2431.09 2406.34 2394.21 2382.48 2383.28 2383.36 2383 2382.89 2357.39 2330.3 2324.25 2307.28 2305.63 2303.95 2302.38 2291.38 2275.51 2253.29 2238.36 2223.17 2222.76 2231.56 2221.29 2203.62 2186.63 2176.98 2167.23 2158.07 2152.27 2155.94 2156.28 2156.43 2163.48 2167.78 2165.67 2152.33 2163.87 2179.34
2237.17 2260.01 2291.4 2299.93 2306.53 2321.39 2327.67 2331.65 2333.94 2336.5 2335.15 2327.41 2314.71 2308.75 2331.61 2349.4 2357.6 2360.35 2373.53 2396.09 2403.79 2439.44 2456.44 2453.88 2448.9 2447.62 2448.65 2444.89 2413.96 2395.38 2388.27 2381.48 2370.03 2378.87 2378.45 2381.82 2380.7 2359.07 2324.28 2298.92 2294.16 2295.4 2296.03 2296.24 2274.06 2247.94 2231.64 2221.5 2220.57 2211.22 2212.96 2210.34 2193.19 2184.82 2165.59 2160.37 2153.78 2149.66 2151.92 2151.91 2159.25 2162.94 2160.01 2150.93 2167.49 2178.43 2179.65
2236.78 2271.4 2301.74 2312.4 2322.88 2332.59 2342.33 2349.95 2332.25 2318.35 2317.3 2305.58 2285.18 2300.99 2315 2339.45 2362.33 2359.81 2369.05 2378.32 2391.94 2428.96 2443.8 2461.67 2467.71 2467.97 2456.44 2409.78 2391.96 2384.47 2376 2360.04 2358.93 2370.24 2374.38 2371.81 2364.28 2350.89 2325.48 2297 2284.47 2270.41 2275.69 2273.68 2250.34 2232.68 2214.33 2204.64 2201.45 2201.32 2193.02 2192.9 2182.8 2170.89 2156.18 2151.22 2147.71 2145.4 2145.95 2153.79 2158.2 2153.56 2147.65 2165.64 2178.7 2183.73 2186.72
2222.63 2253.76 2276.52 2302.48 2337.92 2360.01 2376.2 2335.95 2301.14 2290.08 2281.56 2283.05 2280.7 2294.73 2311.52 2336.15 2350.23 2369.59 2372.7 2377.9 2376.37 2403.16 2425.59 2437.83 2454.02 2453.54 2411.45 2390.63 2387.39 2381.11 2363.86 2349.34 2348 2350.26 2358.29 2351.81 2337.6 2331.99 2322.66 2294.43 2262.21 2241.29 2241.21 2237.16 2225.67 2211.24 2206.14 2195.29 2183.27 2181.84 2181.26 2182.05 2172.6 2159.61 2145.3 2144.1 2142.58 2139.42 2144.02 2144.68 2141.32 2143.29 2161.64 2173.93 2179.82 2184.47 2188.62
2206.5 2230.31 2250.65 2273.58 2317 2341.83 2336.53 2313.09 2295.66 2287.61 2281.93 2269.19 2285.58 2298.3 2304.1 2324.92 2346.34 2365.02 2368.79 2379.01 2371.73 2372.19 2378.39 2390.09 2408.51 2398.89 2382.26 2379.87 2372.29 2367.48 2357.04 2342.41 2327.74 2326.88 2327.02 2327.97 2312.75 2305.1 2304.38 2283.97 2252.05 2220.52 2213.95 2209.46 2205.1 2195.13 2189.59 2186.68 2167.51 2162.02 2158.04 2160.84 2150.02 2142.59 2136.75 2140.62 2137.81 2141.23 2144.85 2136.68 2148.54 2157.15 2170.14 2177.24 2182.49 2185.78 2189.34
2203.73 2217.35 2237.9 2273.82 2304.36 2311.41 2309.89 2296.47 2291.15 2284.65 2269.68 2265.04 2280.32 2300.26 2300.06 2315.63 2337.41 2357.06 2359.69 2360.23 2361.02 2363.45 2364.19 2361.14 2357.46 2359.28 2368.42 2363.78 2364.1 2359.89 2360.39 2346.11 2314.67 2302.96 2307.21 2308.56 2297.35 2289.35 2278.75 2267.62 2234.07 2209.63 2207.62 2200.36 2198 2191.08 2184.86 2166.44 2153.4 2147.93 2141.93 2141.78 2136.7 2133.32 2131.61 2131.6 2134.04 2143.92 2143.4 2138.25 2152.48 2160.6 2167.69 2174.51 2182.38 2187.14 2190.76
2212.4 2224.24 2240.54 2278.32 2296.28 2295.4 2289.3 2282.16 2269.23 2268.65 2253.11 2262.35 2272.91 2288.09 2299.18 2315 2335.66 2350.01 2355.47 2353.71 2348.7 2352 2347.9 2345.3 2330.61 2350.17 2356.84 2354.07 2355.47 2355.39 2349.22 2341.14 2316.18 2291.53 2288.01 2293.1 2280.18 2279.12 2261.68 2245.39 2217.19 2203.15 2198.08 2199.74 2188.67 2183.06 2178.72 2164.89 2150.29 2134.52 2131.37 2137.29 2132.26 2126.9 2126.25 2132.43 2139.92 2145.72 2135.81 2137.23 2158.32 2169.41 2175.34 2180.02 2183.92 2179.39 2186.5
2242.9 2249.63 2246.26 2261.89 2268.22 2261.62 2269.12 2265.98 2253.32 2247.7 2249.27 2264.95 2267.84 2274.84 2285.92 2310.46 2334.98 2349.15 2344.11 2338.35 2320.97 2317.99 2316.92 2303.99 2308.05 2327.98 2332.06 2335.63 2343.64 2351.12 2328.39 2308.53 2299.57 2283.35 2266.05 2273.4 2261.03 2257.19 2247.44 2227.91 2206.42 2196.09 2190.2 2196.45 2188.28 2178.21 2171.53 2160.69 2149.05 2136.95 2126.75 2129.6 2127.82 2118.8 2123.86 2138.18 2143.16 2146.18 2127.78 2147.91 2162.87 2173.14 2179.52 2183.91 2173.07 2168.29 2170.62
2232.73 2233.13 2241.84 2239.59 2237.35 2235.77 2251.26 2247.73 2244.14 2236.56 2238.99 2254.35 2260.99 2269.44 2275.23 2298.12 2320.19 2330.24 2321.46 2312.16 2313.22 2295.2 2292.68 2280.91 2300.3 2303.31 2306.55 2308.23 2320.33 2327.18 2315.23 2294.39 2277.12 2266.67 2249.22 2250.48 2247.29 2239.11 2218.21 2206.7 2192.52 2187.24 2182.23 2186.79 2187.56 2178.12 2173.34 2165.07 2151.57 2141.75 2126.93 2121.87 2121.25 2116.96 2133.7 2140.89 2143.06 2132.53 2128.74 2152.16 2163.34 2172.42 2179.29 2184.38 2162.92 2169.98 2183.54
2216.89 2217.41 2222.7 2219.7 2203.79 2219.66 2227.41 2232.66 2226.1 2234.77 2237.64 2250.02 2255.79 2259.73 2283.09 2300.32 2304.49 2305.56 2299.54 2293.46 2301.57 2288.42 2270.81 2268.6 2280.12 2278.54 2290.13 2289.14 2302.57 2300.77 2292.31 2281.58 2265.82 2259.79 2226.26 2226.21 2227.86 2209.83 2186.1 2180.48 2176.76 2182.51 2177.13 2175.48 2177.82 2170.63 2162.93 2156.21 2149.11 2139.97 2123.32 2112.8 2112.41 2124.58 2137.15 2142.33 2131.99 2123.91 2145.68 2155.34 2163.92 2172.25 2179.6 2184.37 2175.4 2160.56 2166.63
2203.45 2207.12 2204.83 2205.43 2183.94 2188.84 2204.73 2210.6 2227.64 2230.69 2239.98 2244.15 2246.5 2249.19 2275.85 2292.82 2294.83 2294.63 2289.44 2278.92 2278.76 2272.52 2268.62 2252.41 2267.66 2262.99 2275.34 2273.03 2275.54 2275.13 2271.59 2262.24 2244.39 2240.59 2222.07 2183.98 2196.97 2184.61 2160.24 2156.83 2168.12 2171.99 2163.01 2168.22 2168.63 2163.38 2156.31 2148.41 2146.21 2132.16 2111.71 2105.75 2121.16 2131.04 2137.83 2136.21 2120.3 2139.88 2148.08 2154.46 2162.62 2171.64 2179.74 2170.31 2165.07 2155.2 2173.62
2191.38 2195.33 2191.96 2193.39 2171.32 2203.16 2225.04 2225.65 2228.52 2226.04 2231.5 2231.23 2232.93 2238.07 2266.23 2274.39 2287.57 2284.28 2276.22 2259.67 2256.29 2254.21 2248.83 2243.37 2256.33 2263.16 2267.79 2269.91 2260.57 2254.32 2256.42 2240.79 2240.72 2235.75 2217.83 2186.8 2163.67 2164.24 2148.67 2141.06 2150.5 2151.06 2146.35 2157.46 2159.76 2157.98 2150.24 2143.78 2135.79 2121.97 2104.59 2118.24 2129.07 2135.9 2139.59 2120.73 2134.04 2151.99 2155.75 2160.17 2165.82 2171.65 2177.84 2155.4 2155.2 2171.21 2190.69
2174.77 2176.91 2175.29 2164.06 2171.1 2202.65 2222.93 2222.3 2222.97 2219.66 2224.55 2222 2219.24 2223.68 2240.11 2245.2 2257.73 2278.26 2268.5 2250.51 2250.56 2237.13 2222.63 2237.17 2244.11 2255.82 2262.98 2259.99 2253.78 2242.78 2230.32 2234.22 2240.21 2237.7 2219.87 2191.78 2145.74 2150.97 2130.77 2125.83 2137.61 2133.1 2133.36 2146.9 2150.7 2147.75 2142.93 2139.22 2127.62 2116.49 2098.78 2122.24 2130.08 2137.56 2133.8 2113.83 2143.89 2154.49 2159.42 2163.64 2167.07 2169.95 2169.23 2163.55 2148.44 2180.47 2199.69
2161.03 2159.84 2161.1 2163.29 2189.88 2210.94 2219.29 2219.96 2211.05 2214.02 2209.9 2204.83 2197.27 2214.58 2215.06 2211.26 2231.51 2256.45 2258.61 2244.52 2242.2 2235.67 2212.92 2229.91 2237.62 2246.39 2248.52 2238.69 2243.27 2240.88 2225.56 2232.31 2241.22 2228.86 2193.24 2145.66 2137.84 2132.04 2118.35 2109.51 2117.31 2118.32 2132.15 2138.01 2139.36 2138.42 2136.6 2129.71 2117.36 2107.89 2102.07 2104.12 2115.78 2129.58 2117.03 2121.22 2142.13 2152.28 2156.92 2160.96 2164.02 2164.79 2159.26 2147.75 2147.01 2176.14 2205.58
