data/elevation640x480.asc
NCOLS 640
NROWS 480
XLLCORNER -11856052.511874
YLLCORNER 4317423.928
CELLSIZE 95.656128
NODATA_VALUE NaN
[rows 300 to 329 of 480, columns 268 to 334 of 640]
1991.71 1981.4 1964.82 1951.19 1939.44 1928.57 1924.9 1915.94 1912.67 1927.67 1916.19 1923.11 1938.78 1940.02 1936.29 1965.42 1988.18 2006.37 2018.1 2015.41 2014.93 2020.92 2039.66 2050.22 2044.5 2014.77 1987.31 1964.73 1952.76 1958.16 1982.52 1971.94 1991.47 1979.57 2005.15 2015.77 2036.95 2014.91 1995.15 1997.29 2000.45 1989.27 1985.29 1967.66 1979.48 1981.41 1987.67 2003.72 2027.27 2051.57 2046.84 2046.89 2073.86 2055.8 2058.17 2039.19 2022.86 2023.5 2017.68 2010.5 1998.54 1991.46 1979.26 1960.6 1936 1920.41 1913.41
1994.09 1988.66 1969.7 1960.93 1955.71 1946.31 1929.03 1916.84 1910.25 1915.14 1908.33 1920.72 1929.28 1922.48 1926.66 1943.1 1961.42 1985.93 1985.24 1995.38 1999.58 1996.71 2015.3 2031.69 2031.33 2022.03 2001.54 1972.95 1951.28 1957.47 1962.28 1954.03 1972.56 1963.17 1974.97 1995.15 2011.21 2018.7 1994.48 1976.4 1977.97 1973.72 1973.05 1957.88 1967.17 1981.74 1985.03 2003.52 2020.45 2044.51 2034.57 2033.84 2060.8 2035.25 2033.62 2030.13 2019.41 2014.76 2011.15 2003.96 1995.4 1985.28 1975.73 1961.34 1944.22 1922.43 1914.11
1995.38 1992.71 1975.24 1955.41 1951.81 1936.29 1924.09 1920.25 1913.53 1906.77 1904 1919.76 1918.42 1909.97 1915.52 1929.04 1944.42 1970.36 1968.84 1979.47 1974.9 1979.74 2005.93 2014.38 2016.08 2027.93 1997.25 1980.05 1955.05 1945.75 1934.19 1941.02 1949.41 1953.76 1949.75 1968.58 1977.52 1984.84 1984.09 1970.05 1964.1 1967 1960.23 1953.13 1956.22 1982.91 1993.15 2013.83 2030.72 2031.42 2015.93 2025.44 2044.49 2034.56 2019.5 2013.93 2017.96 2011.4 2001.52 2001.59 1988.97 1975.25 1965.21 1956.11 1937.48 1920.25 1915.57
1991.71 1990.7 1976.24 1953.25 1946.91 1948.59 1943.32 1937.71 1917.21 1901.01 1900.44 1911.45 1913.13 1903.63 1906.34 1916.57 1927.62 1939.91 1964.6 1968.52 1958.34 1974.74 1989.18 1997.91 2000.45 2020.73 2021.14 2015.48 1984.45 1957.82 1935.38 1920.02 1925.13 1934.55 1926.95 1945.53 1947.36 1936.15 1942.35 1958.25 1956.69 1952.8 1953.66 1944.62 1958.36 1965.9 1988.6 2010.08 2029.81 2028.47 2011.62 2010.18 2019.47 2037.49 2027.4 2017.1 2002.95 2003.5 1995.29 2001.29 1989.71 1965.18 1948.9 1933.39 1922.55 1906.83 1917.08
1989.25 1986.18 1977.09 1962.85 1956.72 1954.56 1951.93 1945.86 1924.12 1904.67 1894.47 1907.24 1907.79 1908.89 1903.32 1907.59 1910.12 1923.77 1945.22 1955.13 1948.28 1957.56 1980.41 1992.72 1989.65 2010.54 2026.72 2027.28 1999.21 1963.67 1937.81 1921.63 1909.03 1908.97 1908.61 1919.13 1922.54 1913.49 1911.16 1921.96 1948.33 1947.63 1941.34 1938.98 1947.29 1967.16 1973.37 1999.4 1997.05 2001.05 2006.44 2004.85 2004.33 2025.52 2037.16 2020.27 1994.69 1991.33 1984.67 1996.6 1990.35 1969.47 1949.32 1934.17 1910.22 1898.83 1906.71
1985.9 1975.69 1960.67 1955.65 1948.2 1951.46 1950.62 1947.66 1934.93 1912.53 1896.58 1889.91 1902.59 1901.69 1895.48 1896.34 1898.69 1912.68 1925.26 1945.63 1937.07 1944.57 1966.96 1981.34 1977.02 1987.97 2000.47 1993.77 1976.53 1954.76 1944.53 1943.56 1925.1 1909.03 1897.7 1894.25 1894.51 1897.16 1903.21 1930.92 1933.2 1925.75 1934.15 1932.61 1942.36 1949.81 1957.68 1985.12 1967.65 1972 1999.65 2007.26 1989.28 2004.94 2026.62 2010.42 1987.53 1979.18 1973.39 1983.92 1974.27 1962.3 1956.38 1935.4 1913.47 1895.29 1898.91
1981.23 1975.98 1958 1951.29 1943.25 1939.66 1946.14 1945.18 1942.22 1929.79 1904.95 1889.02 1886.92 1893.09 1895.02 1889.83 1896.08 1901.75 1919.63 1941.22 1927.01 1931.27 1949.3 1960.95 1966.5 1963.12 1970.69 1966.37 1958.69 1964.41 1949.45 1939.35 1933.9 1924 1915.84 1910.11 1892.85 1885.01 1893.69 1924.01 1915.85 1911.48 1934.06 1929.46 1923.57 1932.22 1949.69 1966.14 1955.93 1967.15 1980.22 1996.43 1976.7 1999.13 2008.73 1992.57 1969.52 1963.1 1963.7 1965.21 1969.64 1947.56 1940.69 1918.7 1895.39 1888.12 1885.19
1963.93 1978.27 1961.6 1944.97 1923.62 1938.62 1927.61 1926.76 1922.88 1923.81 1910.88 1892.17 1891.52 1880.85 1889.45 1882.91 1887.95 1894.56 1920.32 1931.92 1931.99 1917.29 1931.27 1948.76 1957.38 1945.38 1947.88 1947.12 1951.03 1951.98 1946.12 1933.26 1928.48 1917.63 1903.01 1894.34 1888.29 1880.65 1877.63 1888.64 1893.18 1913.5 1931.89 1930.12 1923.9 1921.53 1936.74 1956.97 1949.43 1960.03 1965.7 1968.79 1951.17 1994.4 1994.72 1981.77 1966.71 1947.32 1940.38 1951.58 1957.07 1944.93 1927.8 1895.25 1881.96 1883.13 1874.21
1937.66 1953.57 1955.15 1933.1 1911.1 1942.59 1942.17 1928.4 1914.71 1906.07 1901.1 1897.7 1895.18 1888.38 1879.32 1887.41 1878.97 1882.51 1903.63 1915.76 1920.84 1911.85 1922.91 1941.35 1947.05 1929.4 1924.49 1930.49 1941.09 1942.35 1935.25 1923.55 1922.06 1904.16 1893.45 1906.28 1880.37 1874.25 1880.05 1884.24 1899.32 1915.84 1931.56 1927.63 1922.63 1916.95 1926.76 1942.84 1944.04 1951.4 1953.91 1942.98 1935.82 1969.84 1981.99 1974.97 1960.81 1936.43 1922.14 1940.66 1936 1926.74 1913.39 1894.76 1877.29 1875.42 1870.32
1925.73 1939.4 1933.6 1904.85 1909.39 1936.64 1944.45 1942.57 1935.98 1918.88 1905.35 1896.55 1891.37 1883.92 1882.46 1874.52 1870.29 1869.15 1877.89 1904.67 1903.61 1896.49 1917.87 1929.28 1934.43 1925.21 1910.88 1923.24 1927.75 1919.01 1920.36 1918.39 1907.99 1889.21 1888.05 1908.04 1884.92 1871.23 1900.06 1909.21 1912.15 1945.07 1948.89 1928.35 1920.91 1915.44 1913.34 1923.08 1929.28 1939.35 1938.68 1939.22 1921.07 1935.31 1947.11 1958.4 1958.74 1933.01 1894.72 1914.39 1919.51 1898.23 1898.81 1892.45 1881.81 1870.81 1866.84
1920.74 1921.2 1915.41 1896.73 1904.99 1919.87 1933.92 1942.1 1939.02 1935.35 1929.86 1914.05 1903.12 1906.24 1898.84 1873.33 1869.12 1864.15 1865.63 1874.17 1886.88 1891.29 1910.87 1917.42 1918.67 1908.82 1901.33 1896.08 1893.69 1881.99 1882.66 1899.99 1901.69 1873.94 1877.27 1892.26 1869.66 1875.89 1899.69 1914.96 1924.78 1945.43 1952.31 1931.35 1920.72 1916.04 1909.64 1911.28 1927.17 1919.78 1928.39 1946.84 1930.59 1909.65 1917.67 1928.26 1933.49 1923.71 1893.9 1888.71 1889.44 1876.9 1872.67 1870.94 1868.82 1867.04 1864.69
1895.48 1905.16 1904.27 1901.93 1891.95 1895.43 1904.46 1933.85 1938.03 1937.17 1935.15 1929.32 1922.42 1925.05 1914.62 1884.65 1868.6 1866.15 1860.08 1867.53 1881.8 1888.68 1891.73 1898.76 1901.44 1892.91 1886.34 1872.49 1869.87 1861.25 1859.4 1886.47 1878.88 1861.21 1870.03 1865.41 1865.17 1886.34 1894.35 1908 1921.9 1940.55 1949.69 1935.49 1925.03 1922.55 1911.69 1905.01 1919.58 1909.04 1908.41 1918.2 1929.02 1912.95 1897.45 1903.79 1910.67 1900.97 1892.11 1875.36 1873.3 1867.84 1866.47 1865.16 1864.41 1863.06 1860.67
1879.68 1889.11 1917.84 1928.26 1900 1866.32 1891.53 1917.85 1935.28 1935.89 1934.35 1931.56 1928.08 1925.68 1920.5 1908.45 1886.2 1868.9 1858.38 1868.44 1879.58 1870.36 1876.35 1887.54 1889.82 1884.08 1881.33 1868.72 1855.79 1855.01 1853.8 1859.9 1857.96 1854.8 1861.62 1863.51 1860.24 1876.39 1881.15 1899.44 1918.2 1937.37 1949.56 1943.04 1929.09 1925.58 1914.22 1900.53 1905.45 1904.76 1903.01 1895.68 1903.6 1901.1 1885.58 1894.23 1889.82 1877.84 1888.44 1874.17 1864.93 1861.94 1861.51 1861.1 1861.96 1860.74 1860.04
1874.02 1897.58 1933.41 1930.71 1895.15 1858.49 1882.67 1904.23 1931.26 1933.6 1933.2 1931.41 1928.91 1925.28 1920.8 1916.7 1896.44 1871.45 1859.16 1855.15 1867.34 1863.53 1878.49 1882.81 1878.15 1874.74 1872.11 1867.56 1863.26 1851.93 1849.39 1845.22 1847.41 1853.97 1862 1878.64 1857.98 1876.35 1890.66 1900.55 1911.53 1928.24 1943.59 1937.6 1924.22 1917.5 1911.24 1899.29 1888.92 1895.71 1898.04 1894.56 1884.85 1882.42 1880.11 1887.3 1889.21 1871.68 1878.75 1867.03 1862.81 1860.17 1860.04 1860.4 1859.56 1856.54 1857.12
1885.58 1912.41 1932.72 1904.37 1880.34 1855.71 1868.74 1881.37 1916.27 1925.84 1931.03 1930.82 1928.79 1925.13 1920.73 1917.81 1911.3 1889.6 1871.28 1855.82 1853.52 1860 1875.14 1872.23 1856.76 1869.66 1854.81 1858.93 1854.48 1850.79 1844.5 1842 1848.66 1858.1 1870.74 1864.5 1855.45 1871.98 1902.37 1905.81 1907.41 1905.34 1909.92 1915.68 1909.85 1912.29 1898.98 1904.83 1893.62 1881.48 1881.91 1893.87 1889.85 1878.12 1873.56 1877.22 1885.74 1874.21 1867.07 1863.11 1860.67 1858.12 1855.56 1857.51 1856.46 1854.29 1854.4
1887.03 1915.51 1911.48 1887.42 1864.83 1851.1 1858.88 1873.16 1896.55 1905.36 1924.16 1930.18 1928.42 1925.18 1921.14 1918.22 1914.75 1910.1 1889.76 1865.4 1853.36 1854.11 1862.13 1855.23 1847.03 1848.34 1847.94 1849.11 1848.77 1844.35 1841.62 1840.24 1849.88 1861.07 1878.04 1857.68 1849.27 1864.25 1900.16 1934.87 1915.62 1888.57 1880.6 1894.5 1889.13 1908.38 1890.79 1902.72 1903.28 1891.59 1874.38 1892.25 1888.39 1883.97 1868.59 1869.48 1880.14 1867.53 1862.65 1859.85 1856.99 1855.98 1854.13 1854.91 1855.12 1853.94 1856.94
1902.4 1923.44 1894.29 1868.37 1850.44 1849.16 1869.93 1898.63 1919.89 1893.72 1906.21 1927.76 1927.6 1925.36 1921.67 1918.84 1915.31 1912.51 1905.26 1882.75 1866.28 1849.53 1845.17 1844.33 1842.21 1839.81 1841.12 1840.94 1841.19 1839.98 1837.84 1841.45 1849.91 1870.69 1869.75 1848.69 1847.77 1863.12 1907.35 1938.75 1931.33 1903.44 1876.61 1874.72 1878.46 1899.93 1886.8 1892.35 1901.06 1892.83 1877.36 1879.03 1887.37 1883.56 1871.77 1863.84 1873.02 1866.41 1859.01 1856.91 1853.65 1854.78 1854.34 1852.27 1852.9 1854.01 1856.89
1915.22 1918.26 1884.48 1857.38 1843.88 1850.27 1880.24 1912.18 1925.26 1885.43 1886.21 1916.33 1925.28 1924.47 1922.86 1920.07 1916.01 1913.65 1911.55 1905.99 1885.54 1863.36 1851.01 1845.21 1844.89 1835.27 1836.17 1835.98 1836.23 1837.64 1837.08 1846.38 1869.28 1875.82 1860.74 1841.95 1853.31 1875.95 1911.64 1936.48 1933.56 1910.13 1893.42 1872.98 1865.94 1889.34 1887.15 1877.22 1897.02 1890.5 1882.73 1866.51 1880.76 1882.13 1877.22 1866.07 1856.23 1865.92 1854.39 1853.05 1852.29 1851.97 1850.22 1849.18 1850.63 1854.13 1854.26
1911.63 1898.23 1877.64 1859.7 1841.71 1844.1 1861.84 1883.31 1897.25 1881.81 1873.72 1902.95 1920.38 1922.86 1922.27 1920.59 1917.69 1915.15 1912.91 1910.75 1900.81 1886.22 1867.05 1864.28 1862.53 1850.91 1841.22 1834.66 1834.78 1833.55 1837.92 1854.41 1869.97 1866.99 1850.39 1838.6 1855.01 1877.74 1899.6 1932.64 1930.04 1912.99 1896.97 1884.34 1862.48 1871.61 1890.52 1873.23 1884.23 1885.74 1886.44 1874.66 1858.65 1867.89 1875.19 1870.82 1853.28 1854.3 1852.36 1849.92 1850.08 1849.57 1847.75 1848.13 1851.2 1855.14 1856.51
1884.42 1882.01 1871.11 1854.46 1841.71 1838.11 1843.57 1860.15 1868.96 1863.32 1867.33 1888.73 1905.64 1913.78 1919 1919.73 1918.43 1916.67 1913.62 1907.3 1906.12 1898.81 1881.82 1873.57 1868.27 1861.94 1849.87 1834.12 1831.85 1830.37 1837.1 1858.75 1854.13 1840.13 1832.43 1836.1 1851.95 1852.01 1872.54 1900.25 1909.26 1891.63 1882.5 1873.92 1863.14 1856.61 1880.61 1872.98 1870.47 1882.36 1882.91 1877.5 1855.66 1854.31 1857.03 1855.91 1851.38 1851.18 1850.33 1848.11 1848.01 1847.76 1847.82 1849.25 1853.02 1854.52 1854.76
1863.74 1880.53 1876.62 1852.63 1845.04 1842.22 1834.38 1844.88 1852.17 1848.42 1864.92 1868.04 1873.49 1883.24 1902.25 1918.02 1918.06 1917.1 1915.39 1907.77 1895.52 1903.72 1897.74 1879.73 1867.24 1856.65 1845.9 1835.49 1830.85 1839.45 1859.28 1858.12 1836.97 1829.36 1835.48 1844.13 1840.05 1843.29 1849.27 1865.93 1891.64 1881.56 1861.15 1871.79 1850.07 1857.68 1868.79 1858.41 1875.61 1877.42 1869.86 1868.07 1852.69 1847.78 1849.32 1847.49 1859.72 1846.62 1843.56 1842.08 1844.04 1844.41 1845.72 1848.81 1848.78 1853.65 1855.75
1860.17 1869.74 1867.54 1851.73 1840.27 1844.02 1836.6 1833.5 1846.93 1843.64 1862.08 1852.33 1857.54 1864.23 1882.84 1912.89 1916.48 1916.51 1915.32 1909.49 1898.23 1880.33 1879.88 1872.99 1871.51 1864.04 1853.85 1838.78 1830.41 1846.46 1856.24 1840.47 1828.52 1827.28 1834.35 1834.9 1835.46 1832.53 1840.28 1851.82 1874.2 1863.44 1848.35 1864.98 1843.03 1846.02 1858.33 1855.38 1869.25 1854.78 1848.1 1860.89 1860.16 1844.97 1840.46 1840.47 1841.74 1841.33 1840.08 1842.79 1840.38 1845.23 1848.19 1851.91 1853.2 1853.94 1854.95
1854.95 1858.44 1865.76 1856.47 1840.84 1837.3 1838.44 1830.29 1840.41 1843.65 1855.16 1846.59 1854.88 1869.18 1872.48 1899.98 1912.96 1910.3 1907.44 1911.85 1905.02 1888.83 1867.99 1856.07 1850.02 1843.65 1839.91 1834.68 1827.49 1827.94 1833.37 1828.55 1824.05 1826.25 1828.28 1827.58 1829.23 1832.79 1838.95 1849.97 1865.76 1843.76 1839.02 1843.68 1840.79 1841.57 1862.86 1859.61 1840 1837.19 1839.14 1847.78 1854.62 1844.08 1837.17 1835.7 1838.68 1841.13 1844.27 1848.98 1848.91 1849.06 1852.89 1854.11 1856.03 1856.91 1857.23
1846.73 1849.78 1857.21 1860.83 1845.67 1835.78 1830.01 1826.05 1833.31 1860.22 1850.42 1842.95 1847.76 1857.08 1870.78 1894.68 1910.56 1886.45 1883.25 1899.91 1901.62 1898.18 1883.39 1860.32 1845.91 1843.14 1843.83 1837.26 1828.58 1824.19 1822.48 1822.85 1823.2 1824.22 1824 1824.29 1825.69 1829.5 1829.26 1836.54 1856.9 1845.56 1834.92 1833.19 1835.35 1844.28 1868.88 1860.61 1837.82 1832.18 1833.27 1836.85 1837.15 1835.12 1835.28 1836.56 1841.22 1843.83 1847.39 1849.5 1852.33 1853.35 1855.12 1856.2 1858.65 1859.86 1861.34
1844.24 1848.65 1857.26 1855.2 1856.55 1834.7 1828.58 1823.44 1828.53 1849.55 1849.13 1838.01 1851.9 1856.63 1879.53 1874.73 1879.75 1870.14 1863.97 1870.83 1876.39 1876.91 1892.81 1882.82 1868.81 1856.16 1856.32 1837.5 1831.63 1832.93 1821.43 1818.48 1828.42 1824.81 1822.29 1822.6 1824.18 1825.22 1827.37 1833.58 1844.06 1852.1 1833.47 1834.7 1846.87 1857.46 1854.2 1837.48 1832.34 1830 1830.06 1831.34 1833.51 1838.49 1839.56 1839.87 1841.72 1844.61 1847.81 1849.98 1853.76 1856.85 1858.83 1860.9 1861.95 1864.42 1867.6
1860.25 1860.99 1857.29 1842.2 1847.83 1832.15 1824.64 1823.21 1821.25 1827.3 1845.86 1834.8 1840.24 1859.24 1866.88 1858.46 1859.06 1856.58 1850.22 1847.16 1861.73 1857.84 1884.62 1896.41 1894.19 1877.95 1851.11 1843.24 1839.44 1851.74 1832.17 1819.22 1822.17 1820.61 1819.89 1821.24 1822.3 1822.99 1826.48 1835.76 1843.43 1837.02 1829.45 1834.03 1861.93 1859.22 1839.42 1829.21 1829.63 1829.26 1835.78 1837.42 1836.89 1843.87 1846.39 1846.07 1846.43 1847.97 1847.83 1851.02 1854.13 1857.8 1860.78 1863.45 1866.34 1869.92 1885.93
1856.46 1854.93 1846.17 1838.32 1832.69 1825.5 1823.12 1820.14 1819.03 1824 1836.42 1831.12 1838.7 1860.93 1854.41 1846.66 1846.88 1845.65 1844.23 1850.79 1853.01 1850.62 1866.93 1880.94 1891.03 1887.19 1858.1 1842.31 1833.13 1831.92 1830.36 1819.99 1816.64 1817.83 1818.67 1819.93 1819.53 1822.06 1825.85 1840.82 1835.61 1824.35 1823.88 1832.13 1846.75 1836.96 1831.8 1827.24 1828.71 1830.62 1840.28 1849.32 1847.67 1846.94 1849.5 1844.53 1845.89 1845.01 1847.79 1850.33 1854.06 1858.74 1861.73 1867.28 1868.36 1872.64 1880.15
1836.47 1839.12 1837.81 1838.99 1836.07 1830.92 1823.36 1817.78 1817.14 1828.1 1834.59 1828.97 1839.17 1861.64 1844.61 1836.15 1836.22 1840.24 1838.7 1852.44 1843.31 1842.99 1848.19 1855.32 1864.85 1865.87 1870.11 1858.13 1841.91 1828.79 1826.98 1820.73 1815.63 1818.01 1820.46 1819.02 1818.39 1817.8 1820.9 1826.69 1820.97 1824.99 1835.96 1844.19 1834.77 1829.99 1827.91 1823.99 1827.02 1834.12 1837.44 1848.42 1842.54 1838.7 1838.93 1839.08 1839.56 1840.47 1843.01 1847.35 1851.84 1855.91 1860.6 1868.77 1879.05 1882.42 1889.6
1836.64 1837.47 1840.99 1841.78 1842.55 1841.2 1832.58 1816.79 1817.69 1834.25 1833.07 1824.23 1833.39 1842.38 1836.22 1830.25 1830.27 1833.07 1839.32 1843.78 1836.49 1845.12 1837.61 1844.27 1842.95 1843.32 1853.81 1854.65 1846.17 1832.76 1825.14 1818.62 1814.24 1819.04 1831.24 1817.69 1817.53 1815.61 1817.61 1818.26 1822.05 1841.22 1845.94 1838.28 1830.14 1826.34 1824.79 1823.74 1825.61 1829.44 1833.78 1835.92 1834.56 1834.72 1835.4 1835.61 1837.82 1842.07 1845.63 1849.18 1851.97 1855.6 1861.48 1870.7 1887.48 1895.77 1901.74
1840.78 1841.9 1841.85 1841.84 1841.67 1840.12 1833.8 1817.34 1821.04 1828.83 1829.35 1821.88 1825.39 1829.03 1829.4 1825.62 1825.25 1828.04 1832.01 1829.93 1837.23 1840.67 1832.47 1833.6 1830.53 1833.18 1834.74 1835.62 1855.73 1836.91 1826.17 1820.45 1813.35 1815 1837.3 1818.2 1814.22 1812.29 1813.5 1817.91 1825.91 1842.94 1833.97 1830.2 1828.31 1824.19 1822.67 1822.39 1823.39 1826.79 1829.75 1830.79 1830.89 1832.36 1834.94 1836.16 1840.04 1842.42 1846.52 1851.31 1855.46 1858.6 1861.29 1871.5 1875.85 1884.53 1896.58
