data/elevation640x480.asc
NCOLS 640
NROWS 480
XLLCORNER -11856052.511874
YLLCORNER 4317423.928
CELLSIZE 95.656128
NODATA_VALUE NaN
[rows 390 to 419 of 480, columns 201 to 267 of 640]
1951.62 1950.15 1940 1929.3 1925.48 1941.48 1964.5 2006.04 2049.8 2091.58 2100.88 2101.52 2100.64 2101.72 2104.73 2107.94 2111.34 2110.94 2111.36 2119.9 2124.73 2127.34 2127.02 2104.03 2074.53 2060.15 2050.33 2050.11 2036.12 2011.13 1990.85 1979.8 1975.66 1964 1953.17 1946.15 1941.73 1938.85 1939.41 1940.78 1938.86 1934.57 1944.22 1930.24 1918.34 1900.36 1902.7 1898.31 1892.5 1884.45 1891.1 1894.22 1891.21 1900.22 1911.87 1915.55 1924.19 1912.81 1913.16 1910.6 1921.91 1942.59 1966.59 1957.59 1933.5 1918.45 1912.03
1948.8 1936.95 1931.53 1927.97 1940.3 1960.55 1996.82 2030.54 2078.1 2101.6 2103.26 2102.83 2102.17 2102.53 2103.8 2098.18 2102.57 2110.9 2112.9 2117.33 2123.48 2128.39 2122.31 2084.73 2043.77 2023.51 2014.62 2027.01 2018.03 1999.35 1977.33 1969.04 1963.1 1957.92 1953.32 1946.85 1937.34 1931.72 1933.92 1933.73 1925.23 1917.94 1921.8 1911.24 1906.04 1898.43 1901.23 1892.24 1889.79 1885.38 1895.46 1894.3 1895.63 1899.34 1910.15 1918.06 1930 1918.31 1916.68 1914.69 1927.92 1951.75 1970.58 1951.83 1931.31 1919.65 1916.44
1942.53 1933.61 1932.89 1940.89 1957.2 1980.45 2023.28 2062.26 2103.06 2105.3 2105.43 2103.49 2099.93 2090.57 2074.68 2058.97 2068.11 2079.62 2089.89 2096.11 2103.07 2101.57 2090.49 2060.3 2023.91 2001.5 1994.11 2006.74 2003.02 1990.15 1984.53 1979.87 1972.65 1965.4 1955.19 1951.19 1943.77 1925.68 1921.87 1918.88 1914.87 1915.43 1913.73 1914.13 1908.25 1907.36 1910.27 1896.88 1898.05 1887.32 1902.06 1894.03 1894.61 1900.07 1917.61 1926.14 1930.72 1923.72 1919.19 1921.45 1935.8 1951.51 1960.79 1942.54 1928.74 1923.46 1922.38
1938.59 1936.56 1946.4 1956.33 1984.12 2012.7 2047.81 2092.7 2107.26 2107.55 2106.69 2103.34 2083.34 2059.61 2042.57 2028.49 2034.16 2042.51 2048.03 2052.63 2057.96 2054.45 2040.29 2042.95 2027.77 2003.06 1980.58 1983.34 1993.01 1988.43 1981.59 1973.12 1963.19 1950.26 1942.61 1931.88 1928.7 1928.65 1929.03 1921.48 1926.82 1929.21 1926.88 1923.43 1921.89 1917.95 1903.5 1902.27 1898.71 1889.07 1898.86 1900.98 1905.78 1910.22 1911.36 1924.05 1935.21 1926.32 1921.98 1931.15 1941.71 1955.37 1955.07 1942.72 1934.47 1930.33 1921.35
1938.67 1949.24 1961.79 1977.32 2012.99 2052.99 2088.63 2106.93 2109.13 2109.17 2106.37 2093.34 2065.22 2036.54 2024.56 2017.29 2013.77 2010.81 2013.95 2016.35 2020.15 2022.58 2000.29 2006.53 2011.44 2001.48 1981.28 1969.02 1967.56 1971.49 1963.18 1956.26 1947.2 1940.67 1933.99 1935.46 1936.95 1936.87 1933.37 1928.77 1925.35 1923.44 1918.36 1915.42 1917.38 1910.12 1905.12 1906.06 1890.75 1892.28 1902.31 1906.26 1918.57 1924.64 1920.13 1918.9 1931.35 1930.94 1924.49 1936.53 1956.18 1969.37 1949.73 1937.28 1932.25 1925.18 1912.91
1947.96 1968.69 1984.62 2006.48 2037.75 2082.83 2106.78 2110.33 2111.66 2109.96 2094.11 2071.89 2044.91 2028.29 2021.26 2014.97 2009.24 2003.42 1998.29 1994.75 1991.46 1987.73 1981.02 1979.25 1980.47 1981.71 1968.76 1961.44 1954.32 1958.21 1952.72 1950.05 1939.97 1940.74 1945.1 1946.22 1941.99 1937.36 1936.27 1930.46 1928.76 1926.47 1925.97 1918.16 1910.07 1907.17 1909.6 1900.9 1894.16 1908.64 1903.1 1911.74 1925.95 1937.23 1928.97 1928.61 1931.5 1934.5 1930.76 1941.23 1966.17 1971.47 1949.79 1931.53 1921.79 1919 1920.69
1961.04 1972.85 1998.22 2028.65 2066.33 2100.65 2111.17 2113.15 2114.15 2103.59 2073.8 2049.15 2034.61 2028.56 2024.83 2012.94 2010.37 2009.91 2018.29 2014.15 2003.9 1995.02 1991.39 1982.49 1970.61 1966.91 1965.52 1961.05 1958.02 1949.63 1946.16 1942.96 1951.36 1959.26 1958.73 1952.33 1944.65 1941.28 1939.63 1935.1 1937.03 1936.1 1932.69 1921.7 1918.31 1918.68 1903.35 1896.29 1913.22 1912.73 1904.52 1910.69 1924.17 1935.45 1938.5 1936.29 1935.98 1939.18 1939.09 1948.63 1961.64 1959.43 1946.13 1931.73 1926.55 1936.74 1926.47
1967.85 1974.1 2001.45 2037.43 2077.59 2108.54 2113.62 2115.53 2116.77 2102.76 2070.76 2045 2035.84 2031.63 2021.97 2022.02 2025.22 2030.27 2041.88 2034.37 2017.51 2014.91 2006.31 1999.8 1985.05 1986.36 1976.84 1969.82 1967.86 1961.66 1958.05 1955.05 1962.74 1967.25 1962.97 1952.2 1945.74 1950.36 1942.93 1940.08 1943.4 1941.57 1934.92 1932.42 1928.27 1923.02 1907.66 1902.5 1905.61 1913.79 1909.06 1915.42 1927.77 1935.89 1946.66 1950.39 1951.83 1947.47 1945.47 1949.74 1951.06 1945.82 1934.42 1930.08 1943.94 1946.16 1928.49
1971.71 1978.3 2001.26 2033.59 2081.55 2111.61 2115.94 2118.27 2119.99 2107.32 2073.23 2046.81 2039.2 2028.79 2039.56 2041.66 2046.71 2052.91 2065.46 2054.46 2053.6 2042.35 2031.22 2012.45 2012.27 2005.73 1990.39 1978.6 1974.72 1976.38 1978.55 1969.43 1968.69 1970.8 1967.26 1958.89 1951.06 1952.22 1942.23 1935.95 1933.86 1932.53 1930.21 1927 1918.93 1910.02 1903.93 1903.7 1915.8 1919.25 1918.45 1920.34 1925.79 1932.05 1946.32 1953.44 1956.55 1950.26 1945.51 1943.65 1939.84 1936.5 1935.74 1937.46 1947.34 1946.15 1930.17
1977.38 1985.51 1995.45 2025.47 2076.39 2111.16 2118.1 2120.79 2123.12 2112.62 2076.08 2049.66 2041.63 2037.76 2064.31 2067.43 2070.95 2089.06 2096.85 2090.1 2097.02 2071.64 2061.83 2052.48 2040.94 2019.35 1999.09 1997.47 1987.89 1986 1989.11 1974.7 1974.25 1973.97 1970.37 1964.73 1958.73 1953.65 1941.64 1935.16 1932.25 1927.66 1925.42 1922.69 1920.06 1917.83 1909.93 1909.54 1910.39 1918.05 1927.35 1933.91 1934.19 1938.66 1950.5 1958.3 1957.17 1950.99 1946.43 1941.53 1942.26 1945.82 1941.59 1945.06 1951.8 1945.07 1930.45
2000.35 2009.82 2009.71 2015.9 2061.38 2102.69 2119.26 2123.14 2126.53 2121.06 2084.95 2057.92 2044.69 2047.08 2072.87 2104.34 2116.3 2126.39 2141.15 2141.69 2131.78 2111.96 2102.81 2100.26 2068.08 2033.41 2018.33 2035.17 2016.34 1999.9 1988.05 1985.31 1988.04 1981.55 1974.5 1968.73 1961.96 1955.04 1936.95 1934.46 1932.87 1931.61 1931.69 1927.57 1922.48 1921.65 1920.06 1909.84 1909.84 1919.06 1930.64 1941.88 1946.9 1949.15 1957.76 1963.78 1956.98 1950.68 1945.29 1944.64 1944.75 1945.75 1937.96 1942.29 1947.47 1946.76 1931.03
2033.8 2050.55 2048.67 2030.98 2043.48 2087.89 2119.96 2126.33 2130.36 2130.32 2101 2064.33 2043.52 2076.09 2094.31 2124.31 2157.65 2174.66 2184.72 2185.52 2177.79 2165.34 2152.05 2128.22 2084.99 2046.83 2047.39 2051.15 2025.98 2008.83 1997.46 1993.55 1995.58 1987.64 1977.36 1973.64 1969.95 1951.62 1941.79 1942.45 1937.71 1932.96 1930.52 1929.74 1929.79 1926.53 1915.53 1911.22 1917.15 1927.46 1931.65 1941.47 1947.88 1953.59 1958.94 1957.17 1952.55 1947.89 1948.73 1948.5 1939.09 1930.9 1929.58 1925.47 1924.26 1926.68 1923.14
2076.62 2095.58 2092.27 2068.65 2072.12 2078.99 2119.66 2129.6 2133.79 2137.82 2119.13 2071.12 2051.54 2094.13 2129.62 2160.98 2195.05 2220.17 2232.99 2232.79 2225.29 2211.08 2190.4 2152.81 2105.62 2072.73 2090.77 2066.96 2042.14 2026.3 2013.47 2003.86 1998.46 1987.69 1982.76 1980.26 1966.05 1945.73 1955.57 1944.25 1935.58 1933.07 1933.27 1933 1929.69 1918.7 1915.36 1920.13 1921.79 1930.31 1941.49 1944.07 1951.31 1961.03 1960.58 1955.85 1957.57 1954.22 1953.14 1945.52 1932.51 1934.25 1932.1 1931.84 1929.87 1925.65 1918.45
2110.47 2121.66 2113.25 2108.16 2112.91 2111.15 2118.9 2129.81 2135.21 2141.7 2128.32 2077.56 2059.82 2101.92 2143.71 2187.28 2226.14 2256.76 2275.68 2278.43 2271.27 2251.57 2216.34 2179.19 2139.6 2109.92 2113.37 2095.04 2058.09 2034.01 2021.6 2004.57 1994.97 1990.06 1987.59 1985.06 1974.19 1949.78 1954 1943.85 1939.71 1938.14 1933.15 1928.06 1920.59 1915.94 1920.48 1927.08 1923.48 1934.35 1948.35 1950.86 1956.82 1959.25 1965.95 1963.21 1965.31 1960.83 1952 1944.75 1936.78 1938.07 1942.36 1943.19 1937.66 1929.53 1922.26
2124.5 2121.53 2122.06 2126.45 2128.74 2128.98 2127.88 2134.1 2137.81 2143.27 2134.49 2089.53 2063.27 2103.89 2146.16 2192.2 2236.82 2272.02 2290.53 2294.88 2296.53 2288.32 2253.75 2213.18 2173.71 2145.97 2119.92 2091.79 2063.11 2047.01 2028.04 2009.51 1998.31 1993.42 1990.89 1986.37 1973.42 1954.35 1953.37 1944.03 1937.09 1933.38 1929.63 1923.84 1919.9 1924.17 1927.58 1935.46 1935.69 1939.2 1956.89 1962.42 1962.88 1964.58 1971.3 1977.57 1978.04 1966.65 1950.66 1938.32 1936.54 1942.67 1953.22 1951.37 1938.97 1928.43 1922.99
2126.53 2125.68 2129.75 2133.51 2135.8 2135.77 2134.08 2141.65 2145.15 2147.97 2137.52 2099.94 2068.67 2091.3 2139.38 2185.34 2227.73 2272.87 2294.12 2301.74 2305.6 2304.77 2289.88 2247.38 2202.68 2165.23 2126.63 2109.82 2085.99 2060.99 2039.94 2023.01 2007.84 1998.7 1990.52 1981.01 1964.52 1958.09 1948.71 1941.38 1937.15 1934.82 1931.16 1923.11 1935.18 1934.34 1934.07 1951.46 1951.46 1952.62 1951.13 1963.11 1967.98 1973.18 1984.6 1993.06 1984.23 1964.36 1947 1941.79 1945.76 1949.96 1969.38 1962.34 1943.03 1931.51 1926.51
2131.59 2132.95 2137.89 2142.82 2145.04 2144.04 2143.17 2149.06 2153.4 2134.02 2110.84 2091.52 2080.19 2084.74 2124.2 2169.56 2210.51 2255.64 2290.68 2305.89 2310.38 2310.56 2299.25 2261.07 2223.27 2187.14 2153.13 2123.92 2097.45 2068.64 2047.05 2029.45 2014.13 1997.38 1976.76 1971.99 1970.55 1959.32 1949.18 1946.99 1940.83 1935.45 1930.31 1932.89 1964.72 1952.06 1952.42 1960.29 1961.45 1959.51 1956.49 1962.98 1971.01 1982.17 1989.4 1980.74 1968.66 1957.81 1947.8 1945.11 1951.59 1953.35 1970.27 1959.2 1944.51 1932.51 1927.71
2140.84 2146.21 2152.21 2155.48 2157.6 2155.12 2154.27 2158.03 2164.24 2133.63 2103.1 2099.95 2093.2 2088.88 2116.53 2152.58 2191.7 2233.56 2278.12 2307.6 2314.1 2316.38 2311.01 2278.14 2235.13 2194.15 2151.26 2118.37 2090.55 2068.16 2047.77 2029.11 2012.52 1996.93 1980.96 1986.59 1978.88 1961.87 1967.54 1953.61 1943.49 1934.2 1930.6 1928.55 1948.46 1966.5 1983.76 1974.59 1966.83 1970.86 1969.61 1979.57 1993.13 1996.26 1983.42 1970.32 1959.71 1950.95 1948.91 1951.09 1959.5 1963.28 1966.62 1954.73 1945.53 1933.7 1930.92
2153 2162.94 2169.58 2172.59 2173.07 2169.85 2171.7 2177.22 2179.88 2137.49 2125.09 2121.17 2114.83 2109.01 2121.05 2158.69 2201.97 2248.91 2297.11 2307.91 2316.88 2320.89 2320.22 2288.8 2233.59 2181.12 2145.82 2122.83 2099.35 2071.72 2053.82 2031.6 2009.29 1994 1987.23 1999.56 1976.56 1988.81 1972.67 1953.22 1943.78 1934.38 1937.02 1932.47 1937.88 1955.07 1978.09 1991.06 1975.95 1989.45 1989.85 1988.56 1999.78 1997.29 1985.74 1969.71 1957.49 1950.09 1961.63 1962.96 1962.2 1971.2 1965.66 1954.78 1948.76 1939.81 1933.35
2166.41 2183.36 2191.94 2193.82 2192.71 2189.54 2193.56 2204.08 2203 2159.43 2154.1 2149.29 2150.84 2138.63 2136.51 2178.77 2217.14 2266.56 2308.88 2314.02 2319.61 2324.24 2326.06 2302.63 2254.11 2215.14 2180.46 2148.35 2112.52 2081.33 2065.55 2038.93 2002.79 2001.36 2012.61 2021.74 2010.77 2011.45 1978.84 1957.36 1947.37 1936.83 1944.23 1938.85 1934.4 1949.45 1963.22 1983.38 1980.41 1984.54 1999.6 1988.24 1987.89 1988.67 1971.66 1960.99 1956.76 1967.93 1980.9 1984.15 1979.47 1974 1966.57 1957.89 1949.87 1940.77 1939.25
2183.43 2206.76 2219.08 2223.06 2220.14 2217.08 2224.79 2238.83 2233.69 2196.95 2205.82 2198.66 2185.63 2171.93 2154.84 2178.58 2220.31 2269.54 2313.03 2321.07 2323.58 2327.76 2331.68 2322.03 2282.4 2242.28 2190.79 2145.13 2115.53 2103.28 2070.26 2033.62 2003.97 2016.78 2048.17 2066.38 2034.35 1996.35 1973.01 1961.23 1947.23 1941.61 1947.58 1940.51 1933.19 1935.95 1948.78 1959.25 1971.39 1990.87 1990.32 1989.77 1980.86 1975.25 1962.67 1964.4 1965.16 1984.79 2006.62 2012.29 1992.27 1974.64 1967.22 1955.86 1948.57 1945.79 1939.84
2205.43 2232.96 2253.23 2258.13 2252.94 2247.96 2260.26 2276.39 2267.89 2248.3 2253.03 2249.66 2238.76 2212.67 2187.66 2180.05 2217.27 2266.64 2314.17 2325.5 2329.49 2332.77 2337.23 2336.75 2301.92 2252.6 2202.53 2155.92 2117.16 2076.1 2055.07 2033.59 2010.31 2026.17 2055.48 2069.27 2028.08 1990.72 1968.62 1953.59 1949.28 1950.03 1946.24 1944.06 1938.4 1940.03 1944.9 1966.88 1988.42 1990.26 1983.99 1977.68 1973.27 1965.97 1968.07 1975.28 1975.05 1990.73 2014.34 2009.21 1989.4 1970.16 1960.67 1953.06 1946.67 1943.52 1940.12
2233.97 2261.54 2285.75 2291.33 2290.75 2287.46 2298.58 2310.28 2302.55 2299.64 2306.71 2300.19 2286.3 2258.05 2228.19 2200.08 2212.88 2267.27 2315.26 2329.92 2333.8 2337.83 2342 2343.01 2311.98 2253.48 2202.36 2152.76 2113.58 2079.72 2050.84 2030.69 2017.2 2020.28 2043.79 2051.48 2013.23 1983.39 1966.21 1960.29 1960.46 1952.83 1959.82 1954.29 1942.83 1949.58 1946.94 1965.88 1984.29 1983.97 1978.66 1976.12 1975.5 1968.99 1976.44 1994.56 2000.88 2004.73 2005.08 1998.96 1992.98 1975.19 1962.14 1954.87 1948.31 1945.73 1944.25
2247.7 2284.95 2305.27 2307.5 2308.48 2311.51 2317.07 2320.25 2321.96 2324.16 2327.62 2326.29 2313.74 2294 2267.44 2237.78 2222.56 2275.48 2321.46 2332.48 2336.82 2342.36 2347.23 2347.64 2305.65 2250.67 2194.22 2151.58 2123.76 2095.21 2062.87 2036.16 2021.49 2021.22 2043.43 2052.25 2024.29 1991.34 1967.67 1969.74 1965.8 1962.19 1974.47 1967.84 1950.65 1958.79 1954.12 1973.1 1990.75 1988.52 1986.12 1986.11 1981.42 1973.79 1995.27 2011.74 2010 2006.28 2003.48 1999.88 1993.91 1979.69 1964.88 1956.18 1950.13 1951.1 1946.72
2264.96 2299.25 2308.01 2309.98 2312.76 2316.91 2320.12 2322.63 2325.36 2328.39 2333.33 2336.23 2329.93 2317.19 2299.58 2275.67 2251.99 2288.74 2326.68 2334.79 2341.64 2346.47 2350.23 2339.88 2289.41 2236.99 2187.21 2143.42 2098.88 2075.56 2059.74 2037.61 2026.73 2028.3 2045.31 2048.64 2014.99 1984.33 1980.28 1984.78 1975.8 1982.48 1983.81 1979.42 1972.88 1970.83 1968.59 1974.89 2002.79 2016.24 2009.38 2000.41 1980.21 1987.65 2011.27 2015.71 2011.82 2009.26 2004.65 1998.6 1990.62 1976.96 1964.2 1957.68 1954.19 1955.04 1949.92
2289.32 2304 2308.66 2311.24 2315.14 2319.06 2321.74 2324.58 2327.72 2331.42 2336.66 2340.86 2339.24 2329.27 2315.55 2296.07 2273.29 2300.23 2328.62 2338.12 2344.46 2348.48 2345.27 2304.43 2266.42 2214.14 2166.23 2129.9 2107.63 2086.9 2062.27 2057.44 2037.4 2035.22 2051.37 2042.96 2015.14 2002.12 1998.37 2010.49 2011.43 2004.02 2001.39 1997.52 2006.4 1989.99 1991.11 1987.7 2001.1 2013.29 2012.11 1992.15 1992.62 2003.59 2022.22 2019.97 2017.03 2012.52 2005.16 1999.34 1990.75 1978.19 1965.84 1962.02 1958.86 1958.09 1951.11
2302.13 2305.95 2309.6 2313.05 2317.24 2320.91 2323.79 2326.93 2330.3 2334.34 2339.58 2344.48 2345.98 2339.21 2327.84 2313.01 2294.99 2306.32 2328.29 2340 2345.99 2345.99 2303.38 2264.48 2238.09 2205.85 2169.59 2139.45 2122.49 2095.17 2079.85 2074.31 2048.43 2041.96 2048.51 2062.14 2049.35 2041.21 2030.55 2048.08 2054.82 2050.19 2049.9 2044.46 2049.23 2044.97 2022.25 2021.45 2011.62 2009.49 2006.89 2015.27 2022.85 2028.7 2027.75 2022.98 2018.22 2013.06 2004.5 1997.95 1990.95 1976.38 1970.11 1964.75 1960.34 1955.28 1956.02
2303.76 2307.14 2310.88 2315 2319.23 2323.06 2326.46 2329.69 2333.38 2337.75 2342.73 2347.77 2353 2349.52 2335.13 2323.1 2318.59 2319.62 2329.2 2340.66 2340.65 2307.79 2264.84 2227.22 2197.37 2172.64 2140.61 2110.73 2097.18 2080.7 2066.67 2062.74 2050.67 2051.77 2048.8 2056 2067.29 2078.37 2078.01 2092.56 2101.51 2100.29 2093.56 2092.72 2099.4 2077.66 2049.49 2032.92 2022.33 2029.1 2040.51 2042.22 2039.14 2033.96 2028.99 2021.74 2015.47 2011.3 2002.59 1992.04 1986.17 1979.38 1972.7 1966.13 1961.98 1961.73 1966.86
2304.09 2308.06 2312.77 2318.12 2322.19 2326.22 2329.96 2333.52 2337.12 2341.5 2345.67 2349.66 2349.99 2341.67 2327.49 2320.24 2319.48 2323.33 2330.32 2323.77 2301.14 2270.31 2237.52 2192.51 2157.91 2138.41 2108.03 2092.6 2085.64 2082.3 2081.42 2070.49 2072.75 2071.36 2058.35 2055.65 2055.06 2069.67 2083.22 2097.14 2122.19 2127.12 2124.92 2122.07 2102.19 2064.96 2039.29 2035.45 2051.98 2054.7 2049.47 2045.52 2039.49 2028.44 2023.48 2016.81 2011.12 2006.03 2000.68 1996.31 1992 1979.91 1978.39 1973.7 1965.67 1973.15 1988.09
2304.88 2309.44 2315.35 2320.88 2325.34 2329.76 2334.04 2337.97 2341.72 2344.19 2345.25 2334.74 2318.45 2304.19 2293.85 2287.69 2285.76 2291 2293.09 2279.42 2257.28 2232.73 2203.35 2166.07 2131.18 2113.35 2106.6 2113.18 2114.81 2112.75 2107.19 2098.15 2095.81 2085.75 2069.08 2067.62 2065.89 2063.93 2072.14 2090.1 2108.39 2106.23 2104.56 2098.59 2083.14 2062.28 2068.73 2067.94 2063.47 2055.8 2045.39 2036.82 2031.77 2025.23 2020.85 2017.37 2014.05 2008.82 2003.17 1996.27 1991.39 1983 1982.52 1975.43 1966.94 1975.24 2001.66
