data/elevation640x480.asc
NCOLS 640
NROWS 480
XLLCORNER -11856052.511874
YLLCORNER 4317423.928
CELLSIZE 95.656128
NODATA_VALUE NaN
[rows 120 to 149 of 480, columns 335 to 401 of 640]
2295.36 2294.97 2292.83 2293.66 2295.33 2290.53 2276.98 2252.69 2230.87 2221.03 2214.28 2209.27 2208.09 2201.18 2192.2 2183.94 2181.29 2187.02 2196.12 2188.7 2176.99 2168.34 2162.42 2167.98 2189.53 2202.55 2189.05 2206.18 2227.42 2249.37 2271.43 2257.12 2247.36 2262.32 2282.14 2290.88 2315.77 2328.25 2336.88 2356.27 2374.37 2387.97 2408.46 2414.52 2405.72 2392.78 2377.67 2363.2 2357.14 2369.53 2360.58 2352.05 2350.7 2344.5 2333.62 2331.39 2325.98 2324.34 2319.27 2313.86 2308.95 2300.71 2296.28 2292.6 2285.48 2279.29 2278.05
2290.32 2293.4 2292.97 2282.14 2289.43 2290.89 2284.56 2269.04 2249.53 2229.65 2220.51 2211.96 2200.79 2196.3 2191.17 2185.11 2178.85 2179.4 2186.91 2185.69 2172.68 2165.53 2160.87 2172.65 2191.94 2184.43 2190.86 2209.45 2221.76 2239.34 2248.4 2236.24 2250.09 2263.66 2267.69 2290.38 2303.33 2319.42 2341.47 2343.56 2348.59 2367.73 2388.67 2410.81 2406.1 2394.09 2380.97 2368.1 2352.59 2342.55 2351.18 2340.61 2341.84 2341.78 2340.66 2339.32 2332.76 2324.81 2316.99 2310.29 2307.29 2305 2302.97 2294.53 2291.23 2289.58 2282.63
2261.19 2278.55 2291.79 2284.16 2273.21 2287.44 2286.26 2278.02 2256.92 2237.2 2244.2 2236.05 2220.55 2208.07 2201.45 2189.14 2179.92 2173.56 2176.84 2187.07 2172.12 2160.11 2158 2168.86 2173.77 2180.55 2202.81 2223.73 2238.46 2221.62 2226.82 2218.05 2238.58 2248.39 2278.41 2298.09 2309.24 2316.61 2315.3 2323.2 2349.55 2377.1 2397.87 2400.03 2393.08 2384.99 2376.05 2365.86 2356.5 2341.94 2329.27 2330.23 2318.96 2321.33 2325.05 2324.68 2319.41 2316.49 2310.7 2317.84 2315.66 2307.41 2300.85 2300.99 2298.28 2295.36 2285.13
2236.63 2253.85 2280.76 2279.61 2253.64 2271.27 2282.97 2281.79 2272.56 2266.24 2265.39 2257.99 2236.74 2220.16 2206.74 2194.66 2183.36 2172.74 2170.36 2185.06 2172.3 2159 2155.26 2161.05 2173.85 2187.84 2194.27 2212.33 2218.71 2208.94 2205.89 2221.5 2237.43 2248.8 2261.48 2270.36 2282.16 2297.42 2318.83 2337.67 2356.49 2373.9 2390.48 2386.39 2378.97 2370.36 2364.83 2359.74 2354.8 2347.4 2337.25 2328.96 2324.94 2312.97 2303.76 2300.95 2296.07 2293.44 2292.92 2307.62 2313.58 2312.76 2313.48 2308.58 2302.6 2293.99 2291.62
2226.37 2248.64 2251.02 2252.94 2237 2251.11 2264.72 2262.21 2273.43 2277.72 2276.57 2262.13 2245.07 2221.55 2208.22 2198.71 2185.32 2174.44 2166.23 2173.85 2176.86 2161.4 2152.97 2156.97 2166.5 2170.71 2177.65 2205.05 2195.34 2195.88 2219.95 2226.02 2225.82 2244.27 2260.54 2278.67 2290.88 2312.54 2325.38 2327.4 2337.06 2364.82 2369.46 2381.78 2388.12 2382.18 2376.08 2370.55 2362.61 2354.09 2347.35 2340.39 2333.86 2325.89 2312.5 2304.61 2299.54 2291.08 2277.44 2286.75 2304.64 2310.83 2299.18 2292.46 2295.32 2297.24 2294.95
2222.48 2233.48 2226.96 2228.3 2224.18 2227.67 2232.6 2231.01 2248.54 2269.15 2264.12 2239.28 2226.3 2216.03 2217.6 2202.18 2190.04 2175.38 2165.04 2162.54 2169.79 2172.29 2156.02 2152.61 2153.51 2159.5 2171.07 2194.34 2186.34 2190.23 2210.32 2210.81 2222.58 2244.43 2262.76 2266.68 2272.81 2296.08 2301.78 2307.4 2335.84 2352.07 2346.87 2364.07 2388.09 2381.75 2370.8 2364.11 2359.48 2354.48 2351.36 2346.18 2336.79 2331.12 2326.27 2321.81 2314.03 2303.59 2289.31 2268.42 2289.6 2290.96 2285.38 2274.11 2282.37 2282.86 2287.22
2203.05 2216.48 2212.62 2207.22 2208.68 2217.81 2210.99 2214.19 2224.6 2241.18 2238.38 2220.11 2208.23 2193.76 2205.15 2206.04 2192.79 2183.68 2171.6 2160.98 2157.84 2166.1 2161.73 2150.85 2150.16 2153.05 2160.14 2177.43 2170.48 2185.93 2194.7 2207.71 2220.67 2238.56 2244.13 2242.18 2256.21 2274.66 2296.25 2316.25 2336.65 2333.82 2326.28 2352.76 2385.27 2375.68 2359.73 2346.43 2342.17 2346.2 2347.25 2345.15 2343.39 2337.4 2330.83 2319.02 2298.28 2286.27 2279.56 2267.56 2271.97 2277.99 2283.57 2261.2 2276.8 2264.44 2284.9
2188.47 2197.33 2200.63 2196.21 2207.47 2201.77 2206 2206.85 2214.01 2215.99 2213.15 2203.56 2194.23 2190.92 2183.97 2195.6 2186.27 2176.57 2170.86 2167.23 2154.78 2152.84 2151.63 2152.36 2147.43 2147.79 2152.23 2159.73 2174.67 2182.04 2191.02 2201.03 2221.23 2221.59 2224.11 2246.59 2273.93 2292.9 2314.4 2313.56 2313.16 2310.17 2318.77 2350.99 2379.92 2381.15 2367.21 2350.16 2324.64 2320.64 2332.66 2328.58 2342.66 2332.07 2312.82 2304.25 2304.06 2303.5 2294.62 2277.17 2261.02 2258.53 2259.49 2253.1 2265.17 2258.86 2264.11
2178.3 2188.5 2192.08 2193.44 2207.65 2188.58 2197.85 2199.74 2200.29 2194.69 2192.86 2187.55 2181.8 2185.74 2174.83 2187.37 2191.91 2181.34 2179.93 2172.63 2159.91 2154.81 2151 2146.69 2145.19 2145.92 2150.91 2164.42 2175.42 2173.95 2186.79 2206.46 2205.75 2204.73 2227.17 2237.48 2260.89 2289.73 2305.2 2292.67 2285.76 2294.37 2316.92 2336.89 2369.76 2367.65 2351.11 2334.61 2323.1 2297.51 2308.83 2323.01 2339.42 2332.77 2329.55 2322.75 2310.14 2295.31 2282.98 2275.99 2279.17 2267.78 2255.9 2247.82 2248.56 2255.01 2259.27
2170.73 2175.12 2180.28 2191.54 2198.6 2181.11 2198.05 2194.01 2187.8 2184.45 2180.94 2178.23 2174.51 2174.72 2170.14 2171.66 2172.43 2168.42 2179.05 2174.02 2170.44 2164.83 2158.93 2149.4 2143.55 2141.98 2147.75 2163.43 2164.3 2171.28 2191.81 2194.82 2188.21 2198.79 2206.97 2230.89 2258.11 2284.74 2276.47 2263.13 2287.38 2302.72 2326.65 2350.31 2370.77 2358.51 2346.9 2333.82 2304.43 2285.43 2290.78 2320.39 2335.57 2332.92 2322.41 2308.88 2296.57 2295.43 2298.04 2294.76 2289.08 2277.13 2274.44 2263.21 2246.15 2238.45 2263.68
2167.87 2171.27 2174.33 2176.58 2186.59 2174.88 2186.64 2186.07 2177.88 2174.36 2173.99 2174.24 2166.3 2166.61 2168.68 2161.77 2165.54 2160.51 2165.76 2159.79 2170.54 2165.85 2159.44 2151.38 2140.58 2141.04 2145.23 2152.85 2158.87 2175.63 2180.74 2174.21 2179.46 2194.52 2202.59 2220.69 2232.29 2248.41 2247.52 2275.06 2299.38 2320.16 2330.77 2345.19 2352.22 2339.6 2324.22 2327.35 2307.96 2275.17 2276.14 2301.98 2326.54 2314.53 2305.87 2305.6 2306.45 2291.76 2277.17 2270.92 2278.43 2265.77 2259.23 2250 2244 2234.39 2246.98
2165.23 2167.55 2169.96 2169.63 2170.39 2169.46 2170.46 2171.38 2170.2 2167.6 2163.22 2164.91 2161.03 2159.97 2160.86 2156.65 2155.23 2151.99 2151.44 2149.01 2153.18 2152.08 2158.64 2148.85 2138.75 2140.64 2144.59 2156.79 2170.14 2161.97 2162.75 2171.22 2180.94 2184.69 2198.05 2209.46 2211.84 2231.82 2266.17 2292.74 2315.31 2330.59 2346.97 2341.39 2328.14 2320.29 2307.56 2304.66 2305.38 2274.62 2262.27 2299.41 2315.49 2317.93 2298.44 2277.62 2286.7 2295.36 2267.8 2255.84 2268.95 2269.16 2265.74 2257.95 2253.41 2239.35 2231.48
2164.34 2163.58 2164.27 2164.58 2164.58 2164.46 2163.91 2164.59 2163.57 2161.09 2157.51 2156.07 2154.86 2153.06 2153.1 2151.59 2149.53 2147.72 2144.95 2141.67 2140.74 2142.2 2151.65 2147.58 2137.11 2136.63 2140.27 2149.95 2159.08 2154.88 2173.23 2194.55 2206.38 2195.8 2188.69 2196.16 2214.68 2236.19 2263.36 2282.9 2289.4 2293.77 2326.79 2317.46 2303.22 2312.3 2298.71 2278.08 2283.35 2260.18 2255.84 2289.44 2313 2325.65 2306.45 2277.97 2265.62 2278.77 2269.65 2245.6 2247.82 2254.64 2270.28 2271.74 2259.86 2254.17 2236.08
2165.55 2159.69 2159.98 2158.28 2157.81 2158.31 2159.73 2159.3 2158.57 2155.57 2153.02 2151.31 2150.18 2148.68 2147.74 2147.19 2146.21 2143.72 2141.18 2137.86 2135.24 2135.24 2139.43 2147.63 2136.11 2134.93 2140.4 2144.33 2146.42 2154.28 2168.54 2188.29 2208.63 2195.93 2180.62 2202.17 2219.57 2218.3 2246.74 2268.92 2258.11 2290.48 2306.52 2293.27 2283.78 2301.28 2288.49 2278.73 2251.86 2247.54 2250.44 2282.02 2311.5 2322.21 2303.21 2292.39 2260.21 2256.93 2263.03 2243.58 2235.78 2248.29 2254.95 2266.91 2274.39 2265.03 2242.3
2166.4 2164.56 2159.81 2158.46 2155.45 2152.42 2152.7 2152.99 2152.64 2149.93 2148.42 2146.71 2145.62 2144.52 2143.19 2142.69 2142.23 2140.03 2137.51 2134.96 2133.48 2133.19 2133.66 2135.13 2133.73 2134.02 2137.58 2141.04 2149.74 2163.19 2174.01 2194.24 2210.31 2183.36 2173.28 2199.86 2197.93 2201.21 2232.05 2232.42 2259.11 2282.12 2283.38 2270.37 2275.86 2291.56 2270.05 2264.22 2246.36 2224.24 2256.35 2285.48 2308.89 2324.61 2304.35 2284.45 2266.91 2245.94 2234.45 2225.34 2230 2232.15 2251.44 2260.43 2281.7 2272.5 2258.65
2165.09 2163.64 2161.44 2160.33 2158.7 2153.75 2149.32 2147.05 2145.35 2143.24 2141.85 2140.77 2140.27 2139.78 2138.31 2137.75 2137.84 2136.17 2134.42 2133.19 2132.23 2131.97 2132.05 2132.13 2132.12 2132.62 2135.31 2139.48 2149.37 2164.78 2170.91 2178.42 2197.66 2173.92 2162.74 2176.15 2177.81 2191.21 2208.5 2234.33 2258.16 2261.42 2274.97 2250.74 2262.7 2272.77 2260.67 2234.42 2221.64 2226.47 2261.73 2294.92 2312.05 2319.61 2309.32 2299.01 2284.89 2263.41 2234.34 2216.92 2225.08 2242.68 2243.46 2264 2275.47 2275.44 2267.94
2164.67 2162.39 2160.36 2159.57 2158.39 2155.72 2153.96 2153.24 2149.08 2146.37 2145 2141.37 2139.37 2137.41 2135.21 2134.06 2133.85 2133.34 2132.52 2131.49 2130.73 2130.48 2130.41 2130.28 2130.43 2129.66 2130.13 2132.33 2138.14 2143.31 2159.3 2179.51 2186.05 2163 2155.1 2163.98 2171.47 2185.87 2206.16 2236.88 2231.41 2260.5 2277.65 2246.41 2237.78 2258.94 2241.83 2218.61 2210.82 2240.72 2267.38 2289.55 2293.52 2307.4 2297.18 2287.48 2267.47 2246.19 2228.7 2216.18 2219.86 2237.78 2230.19 2251.94 2259.51 2259.23 2251.15
2164.13 2161.28 2158.98 2157.9 2156.99 2155.1 2153.46 2152.63 2150.24 2148.39 2147.95 2145.96 2142.41 2140.71 2137.01 2135.29 2133.07 2131.71 2131.02 2129.62 2129.07 2129.41 2129.06 2128.91 2128.91 2129.14 2127.25 2127.47 2132.67 2134.25 2146.67 2155.17 2171.95 2158.67 2149.18 2159.69 2166.22 2180.98 2188.69 2202.67 2221.86 2246.75 2258.09 2236.33 2217.32 2237.49 2223.11 2199.46 2212.16 2229.25 2256.22 2276.77 2285.51 2301.04 2273.84 2278.05 2261.23 2240.5 2228.7 2211.11 2212.29 2213.09 2222.33 2249.27 2246.83 2235.07 2231.28
2162.22 2159.86 2158.4 2156.87 2155.12 2153.83 2152.56 2150.53 2148.71 2148.05 2146.85 2145.17 2142.7 2140.45 2137.78 2135.83 2134.37 2131.82 2130.51 2129.51 2128.54 2126.78 2126.65 2126.73 2126.73 2126.66 2125.42 2123.83 2124.77 2126.2 2130.39 2142.95 2153.72 2157.58 2145.84 2151.29 2162.94 2166.84 2172.46 2196.21 2218.93 2220.63 2243.9 2236.18 2203.55 2203.43 2193.45 2199.65 2231.15 2250.08 2256.35 2274.07 2292.54 2298.89 2272.66 2245.74 2240.58 2228.45 2232.86 2215.45 2201.33 2212.59 2241.65 2254.71 2244.04 2228.55 2217.86
2161.38 2159.4 2157.94 2156.14 2153.77 2152.34 2151.36 2149.73 2147.84 2146.4 2144.79 2143.19 2141.89 2139.99 2137.54 2135.38 2133.91 2132.05 2130.59 2129.57 2128.5 2126.01 2124.14 2124.26 2124.44 2123.55 2122.65 2122.58 2119.95 2121.17 2124.26 2130.81 2135.36 2144.72 2142.28 2150.7 2158.46 2154.46 2161.39 2175.26 2190.56 2211.45 2237.25 2231.7 2206.38 2183.09 2183.94 2205.32 2225.64 2250.78 2281.03 2292.67 2282.62 2277.45 2260.8 2230.58 2223.75 2219.91 2231.98 2214.33 2196.08 2215.27 2240.37 2238.78 2222.59 2224.04 2232.84
2160.84 2159.58 2157.89 2155.51 2153.54 2151.98 2150.6 2149.07 2147.65 2146.01 2143.66 2141.84 2141.1 2138.93 2136.83 2134.96 2133.39 2131.98 2130.8 2129.57 2127.94 2125.34 2123.5 2122.43 2122.72 2121.83 2120.76 2119.86 2117.47 2118.63 2121.81 2127.15 2131.18 2135.64 2138.87 2150.38 2144.63 2146.34 2146 2160.46 2186.24 2205.53 2219.52 2207.98 2199.72 2175.17 2183.18 2208.44 2235.96 2251.09 2264.1 2284.04 2269.12 2252.78 2234.45 2223.4 2212.26 2206.92 2218.91 2216.44 2191.53 2214.44 2232.46 2216.06 2202.84 2217.08 2228.31
2160.2 2159.45 2157.93 2155.18 2153.54 2151.91 2150.2 2148.73 2146.94 2145.37 2143.43 2141.6 2139.79 2137.88 2136.18 2134.63 2132.9 2131.37 2130.52 2129.47 2126.84 2124.57 2123.68 2122.22 2119.97 2119.52 2118.98 2118.14 2116.8 2117.11 2120.39 2124.87 2128.04 2130.55 2135.86 2143.28 2137.13 2137.07 2139.25 2160.26 2176.14 2192.81 2196.04 2185.63 2176.89 2169.45 2185.2 2210.84 2227.2 2241.3 2253.76 2275.99 2271.2 2248.4 2217.71 2203.12 2206.26 2208.85 2196.49 2202.56 2186.71 2210.41 2215.66 2197.76 2196.56 2212.5 2213.69
2159.16 2158.11 2156.59 2154.77 2153.38 2151.64 2149.94 2148.52 2147.17 2145.32 2142.87 2140.9 2139.2 2137.39 2135.63 2134.2 2131.99 2130.47 2129.9 2129.36 2126.33 2123.98 2123.12 2121.56 2118.91 2117.88 2117.74 2117.18 2115.22 2114.66 2116.53 2121.35 2124.19 2125.76 2127.06 2133.09 2131.59 2129.72 2135.92 2157.48 2165.42 2181.78 2179.59 2165.06 2159.43 2171.68 2191.51 2212.53 2240.27 2261.16 2269.89 2280.78 2265.77 2249.27 2220.34 2199.78 2193.23 2200.42 2182.52 2180.97 2192.3 2216.57 2201.91 2186.15 2194.75 2213 2200.14
2157.14 2155.93 2155 2154.22 2152.91 2151.15 2149.34 2148.22 2147.31 2145.28 2142.59 2140.63 2138.84 2137.15 2135.72 2133.7 2131.04 2129.29 2129.83 2129.06 2126.35 2123.31 2122.77 2120.83 2118.33 2116.71 2116.45 2115.53 2113.33 2113.04 2114.54 2117.15 2119.72 2121.2 2120.68 2123.3 2126.01 2126.19 2133.53 2138.76 2159.23 2169.13 2172.31 2154.05 2163.75 2189.79 2208.98 2229.3 2245.64 2237.58 2248.59 2263.02 2259.78 2239.21 2211.86 2192.9 2182.1 2189.13 2174.13 2189.59 2211.22 2192.35 2186.32 2178.04 2196.54 2195.15 2202.17
2156.17 2154.43 2153.46 2152.8 2151.79 2150.13 2148.58 2147.27 2145.99 2143.96 2142.14 2140.56 2138.44 2136.69 2135.4 2133.64 2130.95 2129.23 2128.2 2127.06 2125.02 2123.3 2121.94 2120.25 2118.48 2116.91 2114.26 2113.15 2112.08 2111.38 2112.34 2113.83 2115.25 2116.46 2116.64 2117.72 2119.73 2119.72 2123.26 2137.2 2147.73 2161.96 2165.11 2147.37 2160.77 2181.98 2211.11 2228.11 2214.63 2212.1 2233.31 2259.06 2252.23 2236.83 2210.14 2183.76 2174.95 2172.84 2172.68 2196 2196.92 2182.96 2174.32 2179.51 2195.46 2186.07 2215.71
2155.38 2153.25 2152.51 2151.28 2150.18 2149.02 2147.82 2146.11 2144.2 2141.99 2140.54 2139.59 2137.65 2135.85 2134.42 2132.89 2130.85 2128.95 2126.78 2124.94 2123.5 2122.86 2120.97 2119.77 2118.25 2117.17 2114.99 2112.27 2110.85 2110.18 2110.25 2111.12 2111.52 2111.36 2111.68 2113.05 2114.23 2114.54 2117.23 2124.24 2150.2 2161.58 2146.37 2145.72 2166.37 2196.58 2217.13 2201.28 2184.31 2206.22 2240.01 2244.59 2234.66 2220.49 2213.14 2189.72 2168.84 2163.72 2174 2194.1 2180.75 2172.92 2168.44 2192.04 2187.02 2183.56 2207.78
2154.67 2152.74 2151.18 2150.05 2148.84 2147.61 2146.62 2144.89 2142.64 2140.57 2139.23 2137.95 2136.41 2135.32 2133.61 2131.88 2130.25 2128.43 2126.46 2124.56 2123.05 2121.62 2120.15 2118.77 2117.5 2116.9 2115.31 2112.44 2110.61 2108.55 2107.74 2108.34 2108.63 2108.36 2108.41 2109.28 2110.19 2110.7 2112.82 2116.5 2131.43 2150.41 2134.12 2149.76 2172.48 2207.76 2202.37 2177.92 2179.04 2212.06 2234.59 2234.44 2214.93 2209.82 2202.36 2189.85 2171.8 2157.95 2171.8 2184.74 2181.54 2166.4 2174.97 2195.25 2181.79 2172.02 2202.61
2154.06 2151.91 2150.06 2148.91 2147.77 2146.31 2144.9 2143.2 2141.35 2139.7 2138.18 2136.3 2134.9 2134.36 2132.98 2131.37 2129.78 2127.9 2125.99 2123.89 2122.25 2120.66 2119.14 2117.61 2116.68 2116.36 2114.67 2112.48 2110.65 2108.22 2106.12 2105.71 2106.22 2106.05 2105.48 2105.34 2106.43 2107.96 2109.65 2114.1 2123.53 2136.97 2130.38 2146.41 2173.6 2207.37 2184.19 2158.38 2176.12 2206.19 2216.58 2213.59 2210.27 2187.72 2193.05 2174.79 2161.16 2154.66 2172.53 2181.04 2175.03 2170.05 2162.34 2177.51 2165.34 2169.49 2198.31
2154.49 2152.61 2149.77 2148.12 2146.69 2145.41 2143.32 2141.23 2139.98 2138.76 2137.33 2135.74 2134.12 2133.1 2131.92 2130.65 2129.55 2127.83 2125.25 2123.26 2121.51 2119.79 2118.07 2116.93 2115.72 2114.66 2113.42 2112.03 2110.43 2108.11 2105.69 2104.01 2104.13 2103.44 2102.44 2102.29 2103.95 2106.38 2109.57 2114.95 2120.53 2124.12 2127.51 2144.58 2166.44 2192.91 2172.64 2147.62 2162.37 2190.48 2190.41 2194.54 2186.53 2174.98 2165.67 2154.99 2149.6 2157.52 2180.7 2177.94 2161.91 2176.66 2152.59 2153.76 2160.02 2185.24 2194.34
2155.23 2153.59 2150.57 2147.85 2146.62 2144.76 2142.35 2140.36 2139.16 2138.08 2136.57 2135.23 2134 2132.6 2131.06 2129.63 2128.42 2127.18 2124.47 2122.48 2121.02 2119.14 2117.65 2116.65 2115.19 2113.6 2112.42 2111.6 2110.38 2108.06 2105.58 2103.45 2101.4 2099.72 2098.45 2098.61 2101.63 2105.09 2107.99 2112.23 2116.56 2118.22 2121.21 2138.29 2152.21 2174.61 2158.94 2136.66 2161.81 2168.46 2169.05 2181.22 2168.88 2155.03 2145.52 2146.33 2158.53 2174.13 2179.37 2167.51 2148.75 2157.94 2145.75 2155.27 2180.33 2197.52 2177.26
